Certification,Status
FAIR+D Certification,READY
Publication Certification,READY
Metadata Certification,READY
Citation Certification,READY
Archive Certification,READY
Reproducibility Certification,READY
